180
12424
1251
9195
9190
9316
8978
10304
8505
27317
27285
27212
9155
9213
9327
28816
6745
17395
313
6507
1331
11949
28940
28832
27164
1504
28800
28972
8397
12797
8864
10250
6348
7030
39070
29746
37770
27357
27336
8572
27125
10172
37867
28954
28906
39020
5922
39427
29727
28723
29761
29716
27021
29598
28856
6851
15826
37600
1446
39374
27378
10251
9559
8512
17389
5326
39037
6630
28916
28845
28963
28986
28902
5305
304
29694
29722
5456
83
8569
1078
27078
27379
8819
26922
26947
5728
27137
28613
27350
7090
26920
12737
14714
9516
7052
27274
54
8570
15382
15695
9510
14293
29650
12869
5809
29699
5422
27320
29612
1125
27015
5299
26959
29621
26930
28941
27072
26927
9427
27073
27139
29614
27189
9377
13188
17005
10339
32317
28890
27234
37643
7390
6991
27068
27056
27055
26964
2528
5829
1060
28998
996
26996
7921
942
39389
7964
17365
30200
1257
29747
639
6593
8388
133
159
27266
27186
27201
27383
27300
27216
27203
27399
27302
27301
26961
26921
167
28763
266
8721
6935
9495
9522
6803
6866
6835
6859
6962
9602
6541
9418
27380
27247
27040
8351
955
28958
28811
26819
9493
32556
32108
16810
28924
8852
8537
38908
38909
12505
10330
12924
11890
37762
14434
16926
13114
11647
34809
15618
11433
8899
26759
14240
12653
11748
11281
12824
8999
16281
8889
8653
16910
16010
13143
16754
12403
12811
15990
16847
12121
13108
16719
8759
8485
6983
12644
9162
6478
28907
5393
8314
29698
9416
32553
5330
39100
28807
27198
9329
28793
26928
13152
8640
16143
28880
39065
8543
2611
415
28964
8612
37590
27102
8996
863
37639
27039
29624
251
932
26923
1017
26931
27092
26944
6017
28956
16796
13177
13035
27362
30199
27069
32316
27019
9627
28740
43471
2544
1519
27239
27245
28849
39064
28647
26983
6783
8616
27093
29668
27416
27167
380
303
257
8389
9445
6597
9386
6584
37907
27103
26945
6701
8984
27029
27061
27264
28900
6473
32348
11213
34815
39067
6756
9349
10017
5442
29750
43282
9617
37737
37788
34812
5401
26934
14043
6625
6562
6782
6567
6520
6573
8826
6868
27154
12842
28025
29719
1141
8446
8261
10031
13
43169
27120
10027
9955
6252
28901
29717
28982
28777
265
10005
28822
9000
6571
10019
28943
9526
9362
29705
7094
27168
9374
12700
8458
11563
8644
8598
9389
1881
6446
26984
27251
28752
27135
27083
37876
8658
27176
37660
8321
9587
43078
211
915
2689
17
145
1451
876
216
215
917
1722
34834
39393
1736
434
593
443
34872
1115
1644
1652
43104
1270
191
1337
1485
568
1093
1491
849
187
603
520
787
588
557
15
988
748
6936
15668
9598
866
38850
32359
15642
773
28974
39066
29688
29731
5329
34861
27221
27138
8039
16791
37582
27384
27637
10258
27121
13270
15712
17351
37899
17361
37891
37895
17373
37884
9292
8575
39357
38933
9999
28749
28741
39137
28821
29660
797
1716
28736
9079
10011
27155
27151
9084
12253
28802
8581
15663
928
7858
6434
7053
8262
8410
6615
28870
39139
1209
37593
6397
6024
7018
26790
6357
28867
32391
9414
27096
27038
4942
8349
9671
27041
27067
28859
6914
29
3008
27144
6882
29656
9201
28926
7878
29639
27165
27373
27665
8582
28846
39088
9311
26905
27188
9003
7026
32295
32294
9294
28796
27250
8361
16020
1314
7829
13015
13126
26951
37653
27035
26918
26962
17393
27111
16275
43147
6738
27091
26965
37880
8436
27130
8465
275
13243
1284
17356
9307
29641
14123
26842
15658
10333
15936
16734
12551
12413
13926
11459
29711
12712
14703
39199
28766
17864
12690
27114
27077
8414
8431
8411
28784
28865
38837
28937
9504
9553
27145
27076
27349
8517
27082
72
37872
14412
16787
27175
27095
26987
27280
25414
28957
9412
166
28898
6979
7015
27348
27307
27196
27353
27352
28764
17171
27256
27381
8373
10257
27270
27269
27268
27087
10714
27156
32349
28996
9179
28969
879
28912
27206
27182
28968
6845
9166
28743
27023
6953
8630
1410
28610
9543
37595
29753
27321
2564
27017
29751
26977
37649
28826
15817
12013
10282
29730
29674
728
8200
8075
886
8377
37530
27018
10289
7598
8165
8263
38956
37902
29713
9323
10154
9443
9017
9503
6715
28910
1550
1756
5426
39345
26980
16814
6699
7011
9533
6576
15633
39099
17333
28980
16018
2551
43107
9995
28884
1188
15735
1349
1227
574
16370
10835
27252
11491
11443
11562
11425
8526
27355
1127
13673
5359
8870
43084
29700
27146
27246
43082
7690
8553
16995
27260
27215
39114
6423
29596
10324
11586
11596
28983
9968
28874
15398
12605
235
29627
28987
6117
27330
9433
8971
27205
12912
8510
9966
28819
7063
29597
27070
27289
26914
26999
9402
27003
26967
10012
27375
6436
27344
37591
26969
39148
39390
13023
8467
13065
13057
39222
11919
14402
11729
13681
291
27085
28917
258
6686
9152
9332
8249
39062
5460
5430
9450
9301
27009
27187
27161
27324
27372
27048
27191
27160
27281
27220
6887
27123
28739
28862
29686
28773
6383
28903
29696
28756
28879
29682
29704
28737
28889
28838
28795
28882
28830
28779
28895
29671
29691
28754
29645
28873
28825
29664
28841
28762
28869
28815
28776
28878
28857
28809
28732
29651
28851
28803
28905
28847
28760
27347
27327
27152
27184
27109
27013
27052
26937
27400
7051
9434
8483
27115
27053
27153
27219
9449
27148
27079
29723
27361
9532
27388
27329
27331
27254
27366
27210
27180
27105
27391
6633
9189
6620
9176
817
13052
13028
27242
8471
32103
26953
6590
277
29695
27200
1779
7079
6898
6926
6894
6444
6453
27141
16936
28765
9285
8990
7523
188
28897
28848
11737
32107
26955
17716
38833
28801
398
28277
34855
28580
43197
26998
27131
27094
28863
6809
750
9580
9515
9289
17330
27090
7410
6177
6220
28866
7485
29002
37602
25831
27044
27062
873
28612
43149
8357
7734
16743
29797
8563
27
8557
5395
9551
37640
9360
43608
6522
779
26966
38925
1126
6777
29702
6694
28844
29661
1072
27028
309
9209
9215
8559
26988
28868
26949
1104
1619
37538
28864
27183
27122
27110
14417
16861
13656
32357
9511
6901
8466
6655
5340
11476
6770
12775
29692
28888
6022
39342
8363
38757
11409
9950
15721
11604
37763
6762
7836
7865
8136
9370
28806
39377
39375
28753
8675
9393
9424
28959
9058
52
27066
28727
28720
29601
27370
9441
12090
5435
9540
5444
6676
13254
27097
27171
8320
6922
1202
6581
716
27011
29666
27159
27211
27640
43126
402
32055
1633
924
38836
27005
13098
11613
11628
6489
6486
6650
6665
6683
27008
25542
9961
11509
27197
27024
6644
6870
7083
1655
14385
26994
27007
26924
27030
5374
11882
27025
11571
8375
241
5996
28797
28834
29672
29678
37878
6417
9919
28761
11907
29000
5847
6125
5905
1730
37877
7432
30210
26717
6844
27169
27275
413
7
28804
6893
10020
39093
37597
25828
32507
7503
31137
28949
880
1676
223
8573
27193
28950
10270
9978
680
900
27106
6925
28823
28933
15929
27258
7392
9506
38847
14425
1636
37717
39344
2538
32288
28729
6457
29798
12978
12665
13001
12858
11874
28886
10038
29658
9563
16854
5406
12887
28992
28781
28981
6546
8072
27071
28731
27240
43527
6660
8490
9488
10309
17011
2548
4521
27163
28993
10321
27101
27341
28909
9980
38831
43533
10245
6143
26976
38853
27129
2557
37646
11801
7069
6684
30212
43382
37596
6981
10253
27127
27227
27223
27225
27157
26979
6728
29800
28839
9463
7047
6973
10254
673
10015
7413
12039
8711
43167
5418
9437
6626
16045
27364
32557
28971
13043
6588
8501
1038
27363
27267
28595
12274
6822
1717
11813
27054
28967
6751
27217
6558
9624
10025
10205
43101
39388
8703
12584
37819
29659
27204
205
27334
27335
27339
27309
27333
16780
27218
27299
29715
27177
27351
6560
6656
27012
6150
29677
28837
28788
27282
27170
6583
28961
6443
37645
28893
7692
9456
28770
28745
28827
29653
563
29697
1156
28786
16027
9490
8544
27308
10132
27392
27371
27190
27116
13395
9954
6688
5876
9214
5822
5875
5856
5707
5332
6098
6749
8542
32094
16265
39380
43144
27278
27099
27081
8451
39353
37523
27667
27277
14052
37624
6611
15873
9448
10007
9976
34805
9468
29684
28920
28842
39068
28812
28948
28894
8372
1385
29595
37594
9338
9012
6965
9020
5457
5413
8655
7039
6823
9204
5411
7071
25548
43228
5309
27288
8336
28923
7723
10264
28881
28828
28782
28738
393
5389
25538
12937
7651
6690
6347
15801
37849
10009
10016
10023
32106
29687
29602
8412
43102
11960
13147
8552
28778
9460
5810
783
9356
43564
10336
6907
10338
34804
6861
12787
39246
9611
5373
5400
5367
27358
27337
9016
32562
37644
28791
26805
8429
10337
29608
28833
29620
28904
9366
8350
5319
13353
1186
5463
7912
39019
744
26789
28852
26940
6616
6670
39435
26973
26926
5867
28798
27261
10024
28748
6199
37659
27326
27398
27397
28799
6978
8545
37815
6600
28927
29647
685
29718
27006
14132
16807
7927
27172
12753
39349
997
1084
1286
29752
28794
26975
28872
29733
28767
28947
29603
1015
28994
7524
30419
28918
28758
37767
172
153
26997
27286
27231
27229
27230
27255
26932
29662
37874
39475
27118
8360
27332
27140
27328
27142
14581
8353
9596
32178
17328
17347
10310
11972
1551
1041
11307
361
27179
27325
8694
27049
26972
28789
11392
27650
9590
230
9078
29606
353
5318
17410
9949
28999
28813
27166
27174
6879
1871
29617
28970
32203
5443
28977
28973
9090
9579
27043
27057
27022
9181
9962
27178
27263
27119
27147
38846
6040
37896
6903
8664
9467
15402
16879
16886
16902
13527
16903
16882
13537
8596
32511
27014
9336
149
1507
38945
26985
27000
26941
26968
26943
26954
26993
6944
37894
8482
1674
6940
28908
43151
1387
9476
27132
15392
8093
27020
10006
5415
28899
6217
28747
28871
9212
6726
9641
2707
16630
27374
6003
29681
34808
16349
6921
13363
8409
28790
6458
12744
12467
27042
9353
60
28780
9607
32204
2569
7875
27150
27236
27089
27238
27297
39416
28746
28818
5347
14273
16925
13161
12994
12988
11310
5378
27027
8442
9157
694
9604
285
8671
27243
6896
27314
10281
7652
29640
7966
38983
7847
7850
7055
27185
5368
11405
27259
6873
27338
6548
29725
9519
5716
29703
43271
6194
13200
8976
1462
15882
27365
9233
11396
9956
43028
15626
37886
17369
37881
16983
667
26995
9967
27389
26942
27306
27209
911
1243
1732
1342
1198
1374
1080
1414
784
376
778
918
847
666
360
408
605
814
6741
6641
10256
573
37897
17386
17362
37900
9975
27222
28995
10255
7510
32385
32386
8808
28267
727
7546
37592
27199
27100
28896
27360
6784
27063
1102
12878
9200
27368
27124
6661
7738
32058
39002
26981
27033
326
9483
994
9382
5363
6056
7881
29778
1234
27666
27319
27134
483
6942
27107
854
1691
5334
27295
27265
2550
27359
27181
27113
9326
27098
27037
26939
26970
27059
28750
26946
29003
27045
26929
26925
27047
27112
27016
10029
28944
27126
1542
28861
6945
27194
27207
27064
26963
28719
27396
26958
27284
1068
16028
28860
27296
26960
32079
29632
28774
27340
27244
26974
27051
26956
27377
27305
5468
27213
27283
27065
39098
27074
26978
27202
37901
27034
7735
27659
39150
28755
43079
684
38840
26952
27031
13666
2584
6476
29001
1271
17379
37883
27143
28955
28885
6876
37909
7983
38841
29732
16835
29623
1066
221
8453
8253
27376
550
26938
28962
26950
27036
38832
17377
37882
37892
5814
29665
7098
28722
489
28829
7003
10001
39420
27658
1306
9614
1144
29726
1474
29693
1430
27208
27108
27004
29748
27322
29799
10237
26971
29652
14062
156
29655
6997
26992
29756
32056
29783
26757
16940
32
28771
28836
10294
28775
26935
27248
5452
8498
6792
6711
9581
385
28831
26741
6552
29679
28843
10303
28989
8608
29605
16970
27343
27133
37910
7391
27395
27276
37599
9657
5296
12945
8280
29625
493
10288
11308
29875
16920
28646
27084
26982
27060
10284
16974
7859
9408
38838
10244
29754
27195
9572
9534
411
8474
17277
8556
28792
5404
27394
27393
27386
27387
27385
28914
37825
5380
10332
29773
7008
8520
27292
8500
27075
10335
29670
37598
37641
37642
274
27001
11226
6729
32119
1294
6427
29663
9569
6818
6648
26740
43148
28769
9622
28785
9170
5995
6790
5333
29749
6526
10263
9268
26897
9421
26991
27010
1161
1182
1276
27162
28783
29683
8531
1229
12374
11984
9099
27249
6795
39116
5433
27664
37583
29720
28938
9379
26933
43503
26986
26957
37799
26768
17368
9589
27046
32389
32390
29848
9523
26896
28877
28744
9430
43641
5358
9592
5386
5459
26936
1428
37875
9104
7059
6114
27356
9313
5407
27058
8516
29604
395
29626
8328
261
204
37647
9960
39091
195
27050
27080
27291
27298
141
43080
29706
1137
701
2558
27117
270
1190
225
10274
1482
32066
29689
196
6500
6182
881
1659
1618
1431
1214
1328
7100
28875
28751
409
28805
7506
13134
10153
6242
27293
27304
27241
27390
27342
27257
27158
27026
26948
38999
27403
27303
26989
27235
27136
27401
27214
27402
27290
27312
27323
27232
27149
27233
27318
6464
1471
6605
6636
10004
26
27192
27279
37601
28946
14326
13783
12899
12536
12448
12203
14378
13087
12788
13258
12932
12307
16701
13278
13208
13006
29784


布鲁金斯
兰德公司
信息技术与创新基金会
国际战略研究中心
美国卡托研究所
英国皇家国际事务研究所
北京大学国家发展研究院
国际战略研究中心
美国进步中心
阿里研究院
方德华 阿里研究院专家
阿里研究院 高红冰 田丰
阿里研究院 宋斐
阿里研究院  陈亮
阿里研究院 盛振中
阿里研究院 张瑞东
阿里研究院 陈亮
瞭望
麦肯锡
麦肯锡公司
麦肯锡全球研究院中国分院
麦肯锡全球研究所
麦肯锡季刊
CIC